#has the confusion matrix for the classes-genres- for different test with neural networks

####neural.py#####
Test accuracy of best model: 0.5976
              precision    recall  f1-score   support

           0       0.49      0.39      0.44      1008
           1       0.79      0.75      0.77      1034
           2       0.67      0.51      0.58      1021
           3       0.83      0.84      0.84       955
           4       0.54      0.60      0.57       986
           5       0.71      0.60      0.65      1009
           6       0.47      0.49      0.48       995
           7       0.54      0.57      0.55       985
           8       0.49      0.49      0.49      1030
           9       0.52      0.75      0.61       977

    accuracy                           0.60     10000
   macro avg       0.60      0.60      0.60     10000
weighted avg       0.60      0.60      0.60     10000

[[398  14  12   1 154  34 103  59  47 186]
 [ 29 777  63  71  43  30   0  16   0   5]
 [ 56  71 524  18 112  40   2 139   3  56]
 [ 23  39  19 799   6  10   0  56   0   3]
 [ 68  15  24   0 589  13  23  58  11 185]
 [ 60  47  69   6  50 609  20 116  14  18]
 [ 26   0   2   0   7  13 485  10 402  50]
 [ 47  14  60  60  81  95  20 557   3  48]
 [ 25   0   1   0   3   6 360   6 506 123]
 [ 88   5   3   2  51   8  27  19  42 732]]


 ###newneural.py#################
 Test accuracy of best model: 0.598
              precision    recall  f1-score   support

           0       0.53      0.35      0.42      1008
           1       0.80      0.77      0.79      1034
           2       0.64      0.54      0.59      1021
           3       0.86      0.82      0.84       955
           4       0.55      0.56      0.55       986
           5       0.70      0.63      0.66      1009
           6       0.47      0.33      0.39       995
           7       0.55      0.57      0.56       985
           8       0.46      0.64      0.53      1030
           9       0.50      0.78      0.61       977

    accuracy                           0.60     10000
   macro avg       0.61      0.60      0.59     10000
weighted avg       0.61      0.60      0.59     10000

[[349  14  13   2 154  34  71  69  83 219]
 [ 24 798  67  49  39  39   0  12   0   6]
 [ 47  71 552  16 101  45   2 122   4  61]
 [ 23  43  29 787   5  13   0  53   0   2]
 [ 53  19  36   0 552  14  27  61  17 207]
 [ 53  33  72   5  52 632  17 101  21  23]
 [ 18   0   1   0   6  12 324  11 567  56]
 [ 39  14  90  55  57 100  15 564   6  45]
 [ 12   0   0   0   1   7 212   8 657 133]
 [ 46   5   4   2  37   4  17  23  74 765]]





 ####neural_l2.py#############
 Test accuracy of best model: 0.5866
              precision    recall  f1-score   support

           0       0.51      0.35      0.41      1008
           1       0.75      0.76      0.76      1034
           2       0.66      0.48      0.56      1021
           3       0.82      0.83      0.82       955
           4       0.52      0.60      0.56       986
           5       0.71      0.57      0.63      1009
           6       0.46      0.75      0.57       995
           7       0.52      0.55      0.53       985
           8       0.53      0.22      0.31      1030
           9       0.51      0.78      0.62       977

    accuracy                           0.59     10000
   macro avg       0.60      0.59      0.58     10000
weighted avg       0.60      0.59      0.58     10000

[[348  11   8   0 197  28 131  70  18 197]
 [ 30 786  42  78  44  24   0  23   0   7]
 [ 51 110 490  22 114  36   2 134   2  60]
 [ 29  35  18 793   4  11   0  62   0   3]
 [ 42  21  28   2 594  14  31  70   7 177]
 [ 59  60  70   6  58 571  29 122  10  24]
 [ 20   0   2   0   8  11 746   9 140  59]
 [ 31  15  78  66  72 100  25 543   1  54]
 [ 15   0   0   0   6   6 626   5 230 142]
 [ 63   6   4   2  53   4  40  11  29 765]]

 ####neural+ensemble####
Test accuracy of Voting Classifier: 0.5984
              precision    recall  f1-score   support

           0       0.52      0.40      0.45      1008
           1       0.79      0.77      0.78      1034
           2       0.65      0.55      0.59      1021
           3       0.86      0.83      0.84       955
           4       0.54      0.56      0.55       986
           5       0.69      0.63      0.66      1009
           6       0.46      0.54      0.50       995
           7       0.55      0.57      0.56       985
           8       0.47      0.38      0.42      1030
           9       0.51      0.77      0.62       977

    accuracy                           0.60     10000
   macro avg       0.60      0.60      0.60     10000
weighted avg       0.60      0.60      0.60     10000

[[401   9  15   1 160  39  88  57  47 191]
 [ 26 796  60  51  43  38   0  14   0   6]
 [ 54  69 557  18  95  44   2 128   2  52]
 [ 24  49  25 791   7  10   0  47   0   2]
 [ 60  14  42   0 556  21  22  64  11 196]
 [ 53  41  64   8  50 631  26 106  12  18]
 [ 24   0   1   0   8  14 542   9 339  58]
 [ 36  21  85  53  60 105  19 559   1  46]
 [ 19   0   0   0   6   7 450   8 395 145]
 [ 75   5   4   2  43   5  28  26  33 756]]
